117197914
214283966
200933906
454208577
236674132
329606576
146597543
201840485
48550468
186990316
159963138
149640303
194894539
179744911
181915015
183633125
78743906
128609747
174234188
120240657
387069732
557948438
62265235
144046255
288678953
83422937
221601222
139134110
179384912
94852489
123867257
224826794
152203470
100289474
67488846
154690531
97157581
223706416
194810489
312650971
505938538
219408938
141399542
208427651
165457128
255124902
199266633
16585084
286667487
426770582
192941089
152736791
134436418
171568897
84545901
145598444
106121034
199730738
288816274
90686825
429287016
506536731
101160309
209152810
361230913
246212700
60051671
171588208
141994133